11
0 0 0 0
1 77 1 4
2 28 41 6
3 32 43 3
4 65 65 1
5 34 100 5
6 87 89 3
7 74 33 3
8 21 40 7
9 94 27 9
10 5 61 10
30
0.0 77.00649323271382 49.64876634922564 53.600373133029585 91.92388155425118 105.62196741208714 124.45882853377658 81.02468759581859 45.17742799230607 97.8008179924892 61.204574992397426
77.00649323271382 0.0 63.25345840347388 61.554853586049575 65.11528238439882 107.93516572461452 88.56635930193812 32.14031735997639 68.24221567329127 31.064449134018133 93.72299611087985
49.64876634922564 63.25345840347388 0.0 4.47213595499958 44.10215414239989 59.30430001273095 76.05918747922567 46.69047011971501 7.0710678118654755 67.468511173732 30.479501308256342
53.600373133029585 61.554853586049575 4.47213595499958 0.0 39.66106403010388 57.0350769263968 71.7007670809734 43.174066289845804 11.40175425099138 64.03124237432849 32.449961479175904
91.92388155425118 65.11528238439882 44.10215414239989 39.66106403010388 0.0 46.75467891024384 32.55764119219941 33.24154027718932 50.60632371551998 47.80167361086848 60.13318551349163
105.62196741208714 107.93516572461452 59.30430001273095 57.0350769263968 46.75467891024384 0.0 54.12947441089743 78.03204469959762 61.39218191268331 94.49338601193207 48.60041152089147
124.45882853377658 88.56635930193812 76.05918747922567 71.7007670809734 32.55764119219941 54.12947441089743 0.0 57.48912940721924 82.20097323024831 62.39390995922599 86.64871608973787
81.02468759581859 32.14031735997639 46.69047011971501 43.174066289845804 33.24154027718932 78.03204469959762 57.48912940721924 0.0 53.46026561849464 20.8806130178211 74.46475676452586
45.17742799230607 68.24221567329127 7.0710678118654755 11.40175425099138 50.60632371551998 61.39218191268331 82.20097323024831 53.46026561849464 0.0 74.14849964766651 26.40075756488817
97.8008179924892 31.064449134018133 67.468511173732 64.03124237432849 47.80167361086848 94.49338601193207 62.39390995922599 20.8806130178211 74.14849964766651 0.0 95.2732911156112
61.204574992397426 93.72299611087985 30.479501308256342 32.449961479175904 60.13318551349163 48.60041152089147 86.64871608973787 74.46475676452586 26.40075756488817 95.2732911156112 0.0
