15
0 0 0 0
1 44 2 4
2 54 70 7
3 30 53 2
4 22 66 5
5 12 83 8
6 87 25 2
7 18 34 9
8 64 66 5
9 56 46 6
10 30 45 1
11 41 8 3
12 68 45 3
13 100 53 3
14 23 20 8
31
0.0 44.04543109109048 88.40814442120137 60.90155991434045 69.57010852370435 83.86298349093002 90.52071586106685 38.47076812334269 91.93475947648963 72.47068372797375 54.08326913195984 41.773197148410844 81.54140052758476 113.17685275708986 30.479501308256342
44.04543109109048 0.0 68.73136110975832 52.88667128870941 67.67569726275453 87.09190547921202 48.76474136094644 41.23105625617661 67.05221845696084 45.60701700396552 45.221676218380054 6.708203932499369 49.24428900898052 75.7429864739964 27.65863337187866
88.40814442120137 68.73136110975832 0.0 29.410882339705484 32.2490309931942 43.965895873961216 55.80322571321482 50.91168824543142 10.770329614269007 24.08318915758459 34.655446902326915 63.34824385884742 28.653097563788805 49.040799340956916 58.83026432033091
60.90155991434045 52.88667128870941 29.410882339705484 0.0 15.264337522473747 34.9857113690718 63.50590523722971 22.47220505424423 36.40054944640259 26.92582403567252 8.0 46.32493928760188 38.8329756778952 70.0 33.734255586866
69.57010852370435 67.67569726275453 32.2490309931942 15.264337522473747 0.0 19.72308292331602 76.8505042273634 32.2490309931942 42.0 39.44616584663204 22.47220505424423 61.032778078668514 50.566787519082126 79.07591289387686 46.010868281309364
83.86298349093002 87.09190547921202 43.965895873961216 34.9857113690718 19.72308292331602 0.0 94.81033698917012 49.36598018878993 54.70831746635972 57.48912940721924 42.04759208325728 80.4114419718985 67.67569726275453 92.97311439335567 63.953107821277925
90.52071586106685 48.76474136094644 55.80322571321482 63.50590523722971 76.8505042273634 94.81033698917012 0.0 69.58448102845921 47.01063709417264 37.44329045369811 60.40695324215582 49.040799340956916 27.586228448267445 30.870698080866262 64.19501538281614
38.47076812334269 41.23105625617661 50.91168824543142 22.47220505424423 32.2490309931942 49.36598018878993 69.58448102845921 0.0 56.0357029044876 39.84971769034255 16.278820596099706 34.713109915419565 51.19570294468082 84.17244204607586 14.866068747318506
91.93475947648963 67.05221845696084 10.770329614269007 36.40054944640259 42.0 54.70831746635972 47.01063709417264 56.0357029044876 0.0 21.540659228538015 39.96248240537617 62.39390995922599 21.37755832643195 38.27531841800928 61.61980201201558
72.47068372797375 45.60701700396552 24.08318915758459 26.92582403567252 39.44616584663204 57.48912940721924 37.44329045369811 39.84971769034255 21.540659228538015 0.0 26.019223662515376 40.85339643163099 12.041594578792296 44.553338819890925 42.01190307520001
54.08326913195984 45.221676218380054 34.655446902326915 8.0 22.47220505424423 42.04759208325728 60.40695324215582 16.278820596099706 39.96248240537617 26.019223662515376 0.0 38.600518131237564 38.0 70.45565981523414 25.96150997149434
41.773197148410844 6.708203932499369 63.34824385884742 46.32493928760188 61.032778078668514 80.4114419718985 49.040799340956916 34.713109915419565 62.39390995922599 40.85339643163099 38.600518131237564 0.0 45.803929962395145 74.2024258363566 21.633307652783937
81.54140052758476 49.24428900898052 28.653097563788805 38.8329756778952 50.566787519082126 67.67569726275453 27.586228448267445 51.19570294468082 21.37755832643195 12.041594578792296 38.0 45.803929962395145 0.0 32.984845004941285 51.478150704935004
113.17685275708986 75.7429864739964 49.040799340956916 70.0 79.07591289387686 92.97311439335567 30.870698080866262 84.17244204607586 38.27531841800928 44.553338819890925 70.45565981523414 74.2024258363566 32.984845004941285 0.0 83.773504164503
30.479501308256342 27.65863337187866 58.83026432033091 33.734255586866 46.010868281309364 63.953107821277925 64.19501538281614 14.866068747318506 61.61980201201558 42.01190307520001 25.96150997149434 21.633307652783937 51.478150704935004 83.773504164503 0.0
