10
0 0 0 0
1 43 89 5
2 73 7 6
3 46 15 9
4 79 82 3
5 47 89 1
6 42 94 4
7 88 7 4
8 89 96 2
9 57 19 6
39
0.0 98.84331034521254 73.33484846919642 48.38388161361178 113.86395390991831 100.64790112068906 102.95630140987001 88.2779700718135 130.9083648969767 60.08327554319921
98.84331034521254 0.0 87.31551981177229 74.06078584514209 36.6742416417845 4.0 5.0990195135927845 93.53608929178085 46.52956049652737 71.386273190299
73.33484846919642 87.31551981177229 0.0 28.160255680657446 75.23961722390672 86.02325267042627 92.35799911215054 15.0 90.4267659490264 20.0
48.38388161361178 74.06078584514209 28.160255680657446 0.0 74.68600939935136 74.00675644831355 79.1012010022604 42.7551166528639 91.706052144883 11.704699910719626
113.86395390991831 36.6742416417845 75.23961722390672 74.68600939935136 0.0 32.7566787083184 38.897300677553446 75.53806987208503 17.204650534085253 66.73080248281148
100.64790112068906 4.0 86.02325267042627 74.00675644831355 32.7566787083184 0.0 7.0710678118654755 91.67878707749138 42.579337712087536 70.71067811865476
102.95630140987001 5.0990195135927845 92.35799911215054 79.1012010022604 38.897300677553446 7.0710678118654755 0.0 98.41239759298622 47.042533945356304 76.48529270389177
88.2779700718135 93.53608929178085 15.0 42.7551166528639 75.53806987208503 91.67878707749138 98.41239759298622 0.0 89.00561780022652 33.24154027718932
130.9083648969767 46.52956049652737 90.4267659490264 91.706052144883 17.204650534085253 42.579337712087536 47.042533945356304 89.00561780022652 0.0 83.38465086573187
60.08327554319921 71.386273190299 20.0 11.704699910719626 66.73080248281148 70.71067811865476 76.48529270389177 33.24154027718932 83.38465086573187 0.0
