8
0 0 0 0
1 65 0 9
2 99 19 1
3 17 44 7
4 37 9 7
5 36 34 5
6 82 88 3
7 1 52 10
28
0.0 65.0 100.80674580602232 47.16990566028302 38.07886552931954 49.51767361255979 120.28299963003916 52.009614495783374
65.0 0.0 38.948684188300895 65.11528238439882 29.410882339705484 44.68780594300866 89.62700485902673 82.46211251235322
100.80674580602232 38.948684188300895 0.0 85.72630868059116 62.80127387243033 64.76109943476871 71.06335201775947 103.40696301506973
47.16990566028302 65.11528238439882 85.72630868059116 0.0 40.311288741492746 21.470910553583888 78.49203781276162 17.88854381999832
38.07886552931954 29.410882339705484 62.80127387243033 40.311288741492746 0.0 25.019992006393608 90.91754506144565 56.08029957123981
49.51767361255979 44.68780594300866 64.76109943476871 21.470910553583888 25.019992006393608 0.0 70.9365914038728 39.35733730830886
120.28299963003916 89.62700485902673 71.06335201775947 78.49203781276162 90.91754506144565 70.9365914038728 0.0 88.63972021616495
52.009614495783374 82.46211251235322 103.40696301506973 17.88854381999832 56.08029957123981 39.35733730830886 88.63972021616495 0.0
