8
0 0 0 0
1 91 98 5
2 84 64 8
3 1 34 10
4 70 16 1
5 45 21 3
6 37 95 2
7 17 97 7
34
0.0 133.73481222179961 105.60303025955268 34.0147027033899 71.80529228406496 49.658836071740545 101.95096860746347 98.47842403288143
133.73481222179961 0.0 34.713109915419565 110.43550153822818 84.64632301523794 89.69392398596462 54.08326913195984 74.00675644831355
105.60303025955268 34.713109915419565 0.0 88.25531145489205 50.0 58.05170109479997 56.302753041036986 74.68600939935136
34.0147027033899 110.43550153822818 88.25531145489205 0.0 71.30918594402827 45.880278987817846 70.83078426785913 65.0
71.80529228406496 84.64632301523794 50.0 71.30918594402827 0.0 25.495097567963924 85.61541917201598 96.79876032264049
49.658836071740545 89.69392398596462 58.05170109479997 45.880278987817846 25.495097567963924 0.0 74.43117626371358 80.99382692526635
101.95096860746347 54.08326913195984 56.302753041036986 70.83078426785913 85.61541917201598 74.43117626371358 0.0 20.09975124224178
98.47842403288143 74.00675644831355 74.68600939935136 65.0 96.79876032264049 80.99382692526635 20.09975124224178 0.0
