6
0 0 0 0
1 3 89 7
2 75 65 7
3 42 63 8
4 81 53 1
5 51 15 6
45
0.0 89.05054744357274 99.24716620639605 75.71657678474378 96.79876032264049 53.16013544000805
89.05054744357274 0.0 75.8946638440411 46.87216658103186 85.90692637965812 88.20430828479978
99.24716620639605 75.8946638440411 0.0 33.06055050963308 13.416407864998739 55.46169849544819
75.71657678474378 46.87216658103186 33.06055050963308 0.0 40.26164427839479 48.83646178829912
96.79876032264049 85.90692637965812 13.416407864998739 40.26164427839479 0.0 48.41487374764082
53.16013544000805 88.20430828479978 55.46169849544819 48.83646178829912 48.41487374764082 0.0
