16
0 0 0 0
1 77 12 6
2 52 81 4
3 38 12 4
4 60 66 10
5 23 94 1
6 96 90 1
7 56 90 2
8 99 75 4
9 7 38 10
10 67 5 6
11 14 37 1
12 90 77 10
13 74 29 2
14 42 49 3
15 53 85 1
21
0.0 77.92945527847606 96.25487000666512 39.84971769034255 89.19641248391103 96.77293009927931 131.59027319676784 106.0 124.2014492669067 38.63935817272331 67.1863081289633 39.56008088970496 118.44407963254221 79.47955712005447 64.53681120105021 100.16985574512923
77.92945527847606 0.0 73.38937252763509 39.0 56.61271941887264 98.18350166906862 80.2807573457052 80.77747210701756 66.73080248281148 74.67261881037788 12.206555615733702 67.77905281132217 66.2872536767062 17.26267650163207 50.93132631298737 76.84399781375251
96.25487000666512 73.38937252763509 0.0 70.40596565632774 17.0 31.78049716414141 44.91102314577124 9.848857801796104 47.38143096192854 62.24146527838174 77.46612162745726 58.137767414994535 38.2099463490856 56.462376853972415 33.52610922848042 4.123105625617661
39.84971769034255 39.0 70.40596565632774 0.0 58.309518948453004 83.3606621854697 97.20082304178294 80.049984384758 87.69264507357501 40.45985664828782 29.832867780352597 34.655446902326915 83.24061508662703 39.81205847478876 37.21558813185679 74.52516353554684
89.19641248391103 56.61271941887264 17.0 58.309518948453004 0.0 46.400431032480725 43.266615305567875 24.331050121192877 40.024992192379 59.941638282582836 61.40032573203501 54.378304497290095 31.953090617340916 39.56008088970496 24.758836806279895 20.248456731316587
96.77293009927931 98.18350166906862 31.78049716414141 83.3606621854697 46.400431032480725 0.0 73.10950690573696 33.24154027718932 78.33900688673555 58.240879114244144 99.28242543370907 57.706152185014034 69.12307863514182 82.61961026293939 48.84669896727925 31.32091952673165
131.59027319676784 80.2807573457052 44.91102314577124 97.20082304178294 43.266615305567875 73.10950690573696 0.0 40.0 15.297058540778355 103.07764064044152 89.81091247727082 97.63708311906906 14.317821063276353 64.8459713474939 67.80117993073571 43.289721643826724
106.0 80.77747210701756 9.848857801796104 80.049984384758 24.331050121192877 33.24154027718932 40.0 0.0 45.5411901469428 71.449282711585 85.70880934886448 67.62396025078685 36.40054944640259 63.60031446463138 43.32435804486894 5.830951894845301
124.2014492669067 66.73080248281148 47.38143096192854 87.69264507357501 40.024992192379 78.33900688673555 15.297058540778355 45.5411901469428 0.0 99.16148445843275 76.96752561957543 93.1074647920348 9.219544457292887 52.354560450833695 62.64982043070834 47.07440918375928
38.63935817272331 74.67261881037788 62.24146527838174 40.45985664828782 59.941638282582836 58.240879114244144 103.07764064044152 71.449282711585 99.16148445843275 0.0 68.47627326307996 7.0710678118654755 91.706052144883 67.60177512462228 36.68787265568828 65.76473218982953
67.1863081289633 12.206555615733702 77.46612162745726 29.832867780352597 61.40032573203501 99.28242543370907 89.81091247727082 85.70880934886448 76.96752561957543 68.47627326307996 0.0 61.91122676865643 75.58438992278762 25.0 50.60632371551998 81.21576201698781
39.56008088970496 67.77905281132217 58.137767414994535 34.655446902326915 54.378304497290095 57.706152185014034 97.63708311906906 67.62396025078685 93.1074647920348 7.0710678118654755 61.91122676865643 0.0 85.88364221433555 60.530983801686226 30.463092423455635 61.84658438426491
118.44407963254221 66.2872536767062 38.2099463490856 83.24061508662703 31.953090617340916 69.12307863514182 14.317821063276353 36.40054944640259 9.219544457292887 91.706052144883 75.58438992278762 85.88364221433555 0.0 50.59644256269407 55.569775957799216 37.8549864614954
79.47955712005447 17.26267650163207 56.462376853972415 39.81205847478876 39.56008088970496 82.61961026293939 64.8459713474939 63.60031446463138 52.354560450833695 67.60177512462228 25.0 60.530983801686226 50.59644256269407 0.0 37.73592452822641 59.80802621722272
64.53681120105021 50.93132631298737 33.52610922848042 37.21558813185679 24.758836806279895 48.84669896727925 67.80117993073571 43.32435804486894 62.64982043070834 36.68787265568828 50.60632371551998 30.463092423455635 55.569775957799216 37.73592452822641 0.0 37.64306044943742
100.16985574512923 76.84399781375251 4.123105625617661 74.52516353554684 20.248456731316587 31.32091952673165 43.289721643826724 5.830951894845301 47.07440918375928 65.76473218982953 81.21576201698781 61.84658438426491 37.8549864614954 59.80802621722272 37.64306044943742 0.0
