8
0 0 0 0
1 17 48 3
2 20 77 7
3 24 59 8
4 95 76 6
5 91 84 7
6 76 61 3
7 58 71 4
31
0.0 50.92150822589606 79.55501241279521 63.694583757176716 121.65936051122412 123.84264209067892 97.45255255764212 91.67878707749138
50.92150822589606 0.0 29.154759474226502 13.038404810405298 82.87339742040264 82.29216244576394 60.41522986797286 47.01063709417264
79.55501241279521 29.154759474226502 0.0 18.439088914585774 75.0066663703967 71.34423592694787 58.240879114244144 38.47076812334269
63.694583757176716 13.038404810405298 18.439088914585774 0.0 73.00684899377592 71.5122367151245 52.03844732503075 36.05551275463989
121.65936051122412 82.87339742040264 75.0066663703967 73.00684899377592 0.0 8.94427190999916 24.20743687382041 37.33630940518894
123.84264209067892 82.29216244576394 71.34423592694787 71.5122367151245 8.94427190999916 0.0 27.459060435491963 35.4682957019364
97.45255255764212 60.41522986797286 58.240879114244144 52.03844732503075 24.20743687382041 27.459060435491963 0.0 20.591260281974
91.67878707749138 47.01063709417264 38.47076812334269 36.05551275463989 37.33630940518894 35.4682957019364 20.591260281974 0.0
