9
0 0 0 0
1 94 76 10
2 86 57 6
3 5 2 1
4 74 9 10
5 11 74 4
6 7 59 2
7 53 63 2
8 100 83 5
47
0.0 120.88010589009261 103.1746092796091 5.385164807134504 74.54528824815154 74.81310045707235 59.413803110051795 82.3286098510111 129.9576854210631
120.88010589009261 0.0 20.615528128088304 115.74541027617467 69.92138442565336 83.02409288875127 88.64536084872124 43.01162633521314 9.219544457292887
103.1746092796091 20.615528128088304 0.0 97.9081201943945 49.47726750741192 76.90253571892151 79.02531240052139 33.54101966249684 29.5296461204668
5.385164807134504 115.74541027617467 97.9081201943945 0.0 69.35416353759881 72.24956747275377 57.0350769263968 77.62087348130012 124.84390253432484
74.54528824815154 69.92138442565336 49.47726750741192 69.35416353759881 0.0 90.52071586106685 83.60023923410746 57.9396237474839 78.43468620451031
74.81310045707235 83.02409288875127 76.90253571892151 72.24956747275377 90.52071586106685 0.0 15.524174696260024 43.41658669218482 89.45389874119518
59.413803110051795 88.64536084872124 79.02531240052139 57.0350769263968 83.60023923410746 15.524174696260024 0.0 46.17358552246078 96.04686356149273
82.3286098510111 43.01162633521314 33.54101966249684 77.62087348130012 57.9396237474839 43.41658669218482 46.17358552246078 0.0 51.07837115648854
129.9576854210631 9.219544457292887 29.5296461204668 124.84390253432484 78.43468620451031 89.45389874119518 96.04686356149273 51.07837115648854 0.0
